# oST version 5.0 parameters


[image]

width
640

height
512

[narrow_stereo]

camera matrix
367.094350 0.000000 322.942629
0.000000 368.281452 292.685983
0.000000 0.000000 1.000000

distortion
-0.260919 0.055994 -0.000352 -0.000259 0.000000

rectification
1.000000 0.000000 0.000000
0.000000 1.000000 0.000000
0.000000 0.000000 1.000000

projection
274.754059 0.000000 323.709961 0.000000
0.000000 307.556793 306.296078 0.000000
0.000000 0.000000 1.000000 0.000000

