image_width: 640
image_height: 512
camera_name: narrow_stereo
camera_matrix:
  rows: 3
  cols: 3
  data: [367.094350, 0.000000, 322.942629, 0.000000, 368.281452, 292.685983, 0.000000, 0.000000, 1.000000]
distortion_model: plumb_bob
distortion_coefficients:
  rows: 1
  cols: 5
  data: [-0.260919, 0.055994, -0.000352, -0.000259, 0.000000]
rectification_matrix:
  rows: 3
  cols: 3
  data: [1.000000, 0.000000, 0.000000, 0.000000, 1.000000, 0.000000, 0.000000, 0.000000, 1.000000]
projection_matrix:
  rows: 3
  cols: 4
  data: [274.754059, 0.000000, 323.709961, 0.000000, 0.000000, 307.556793, 306.296078, 0.000000, 0.000000, 0.000000, 1.000000, 0.000000]
